100 10 25 4000 4 2600 10 -1
160 324 1024 4000 4 1500 10 1
160 16 20 4000 3 -1000 10 -1
160 16 16 4000 4 -3900 20 1
100 10 25 4000 1 400 10 1
100 324 1024 4000 6 -3000 10 -1
100 10 25 4000 8 -2400 10 -1
160 324 1024 4000 6 -2500 10 1
160 16 20 4000 4 -3750 10 1
160 16 16 4000 12 -2500 20 -1
100 10 25 4000 5 400 10 -1
100 324 1024 4000 3 3000 10 -1
100 11 16 4000 8 -3000 15 1
100 1 1 4000 1 4000 5 1
100 1 1 4000 7 2000 5 -1
100 20 24 4000 19 -4000 20 -1
100 1 1 128 -10 128 10 1
100 1 1 128 5 128 10 1
100 1 1 128 5 128 10 1
100 11 16 4000 2 2000 20 -1
100 1 1 4000 0 4000 5 1
100 1 1 4000 2 4000 5 1
100 20 24 4000 17 -4000 20 1
100 1 1 128 5 128 10 1
100 1 1 128 5 128 5 1
100 1 1 128 5 128 5 1
100 10 25 4000 1 4000 10 1
100 1 1 128 0 10 5 1
100 1 1 128 9 128 5 1
100 1 1 128 3 128 5 1
