100 10 25 4000 3 2000 10 -1
160 324 1024 4000 2 500 10 1
160 16 20 4000 1 -1500 10 -1
160 16 16 4000 4 -1100 20 1
100 10 25 4000 0 500 10 1
100 324 1024 4000 7 -1000 10 -1
100 10 25 4000 0 2000 10 -1
160 324 1024 4000 1 -1500 10 1
160 16 20 4000 3 -2000 10 1
160 16 16 4000 13 -3000 20 -1
100 10 25 4000 1 1000 10 -1
100 324 1024 4000 4 1000 10 -1
100 11 16 4000 8 -3000 15 1
100 1 1 4000 1 4000 5 1
100 1 1 4000 7 2000 5 -1
100 20 24 4000 19 -4000 20 -1
100 1 1 128 -10 128 10 1
100 1 1 128 5 128 10 1
100 1 1 128 5 128 10 1
100 11 16 4000 2 2000 20 -1
100 1 1 4000 0 4000 5 1
100 1 1 4000 2 4000 5 1
100 20 24 4000 17 -4000 20 1
100 1 1 128 5 128 10 1
100 1 1 128 5 128 5 1
100 1 1 128 5 128 5 1
100 10 25 4000 1 4000 10 1
100 1 1 128 0 10 5 1
100 1 1 128 9 128 5 1
100 1 1 128 3 128 5 1
